CD02 CD02 -0.0473394 -0.130445 0.118321 0.04796 -0.0683521 0.0814732 -0.0114456 0.00600098 -0.151928 0.162285 0.417494 0.490959 -0.102973 0.0477849 -0.650393 -0.0582117 -0.221177
CH01 CH01 -0.0306287 -0.0199152 -0.136506 0.0268068 0.14197 0.218163 0.0299427 -0.0225659 -0.243109 0.256234 0.270864 0.428314 0.164628 -0.196861 0.636851 0.101863 -0.216257
CR17 CR17 0.122127 -0.122477 -0.0863871 0.211168 0.27341 0.641139 -0.317833 0.414386 0.192948 -0.0872699 -0.0737988 -0.186217 -0.0189071 0.0121871 -0.0841757 -0.0327078 -0.25662
CR18 CR18 0.112954 -0.158217 0.161256 0.554298 0.00738008 -0.204413 0.0387395 -0.0957434 -0.0379373 0.054383 -0.157194 0.077329 -0.319435 0.568729 0.224883 0.000566168 -0.255541
CR29 CR29 0.142689 -0.0853191 -0.372412 -0.0756554 -0.511398 0.0338685 0.10664 0.0886153 -0.0799701 -0.0556956 -0.161228 -0.00221068 -0.568835 -0.343465 0.0429199 -0.000166408 -0.259163
CR30 CR30 0.0908482 -0.141949 0.162772 0.537218 -0.047106 -0.274586 0.0296538 -0.0487308 -0.0219643 -0.0290538 -0.0359681 -0.17062 0.362237 -0.583592 -0.110847 0.00488408 -0.244521
CV0064 CV0064 -0.650638 -0.00282911 -0.0513595 0.00183143 0.000981448 -0.0198967 -0.00729979 0.00637695 0.0347418 -0.0478236 -0.0934108 -0.0868019 -0.0225593 0.0374103 -0.081909 0.696497 -0.245053
CV0385 CV0385 -0.652474 -0.00680531 -0.0554105 -0.00232907 -0.0173691 -0.0214013 0.0110386 -0.011501 0.0319243 -0.0229317 -0.0458095 -0.0695928 0.0122178 0.00383806 0.0847094 -0.705506 -0.237858
CV1501 CV1501 0.0718543 -0.0868978 0.442308 -0.325781 -0.140957 0.0200732 -0.350321 -0.135202 0.160064 -0.125206 -0.493163 0.397681 0.114241 -0.0744068 0.0651453 -0.00448711 -0.242345
MN04 MN04 0.0668108 -0.102431 0.39007 -0.269388 -0.199444 0.0124082 -0.264792 -0.114067 -0.112336 0.283662 0.395655 -0.543445 -0.0998704 0.0436547 0.13499 0.0237342 -0.248268
OK0273 OK0273 0.135006 -0.018992 -0.319105 -0.0483585 -0.51673 0.0533102 0.0759372 0.0532682 0.0128129 -0.0985199 0.040325 -0.0411636 0.60374 0.402754 -0.0249508 0.00818003 -0.241241
SZN034 SZN034 0.127539 -0.0734434 -0.263315 -0.21731 0.271219 -0.31766 0.0850804 0.11218 0.388194 0.639224 -0.176931 -0.0196645 0.0470414 0.0112402 -0.107473 -0.0109169 -0.249979
SZN035 SZN035 0.120508 -0.07704 -0.271356 -0.204886 0.349128 -0.474429 -0.350642 0.110981 -0.229306 -0.474967 0.189519 0.00964519 -0.0292839 0.0445965 0.012498 -0.0116394 -0.253708
SZN047 SZN047 0.0638972 0.588169 0.0161768 0.00654269 0.089947 0.0514358 -0.0491853 0.0588249 -0.618874 0.219126 -0.356614 -0.101007 0.0496281 0.0388956 -0.16877 -0.0333197 -0.176316
SZN049 SZN049 0.129631 -0.0700907 -0.16601 -0.095221 0.281614 0.283236 0.249811 -0.770552 0.0140985 -0.157366 -0.049665 -0.135934 -0.0103219 -0.00225733 -0.126824 -0.0128517 -0.252394
SZN054 SZN054 0.0752559 -0.0914796 0.367492 -0.250243 0.155838 0.014914 0.700053 0.388583 -0.0765151 -0.225792 -0.00379561 -0.0469671 0.014683 0.0217887 0.0447935 0.0013259 -0.246904
SZN064 SZN064 0.0793054 0.725337 0.086873 0.093976 -0.0502585 -0.0551775 0.0182797 -0.0305668 0.489188 -0.163907 0.29293 0.0825373 -0.105208 -0.0404648 0.0660973 0.0105929 -0.261537
