CD02 CD02 -0.14198 0.065463 0.107374 0.367189 -0.466212 0.0827593 0.0315485 -0.0276317 0.0874377 0.573127 -0.417372 -0.12714 -0.277044
CH01 CH01 0.128335 0.0313744 0.361878 0.436213 -0.381013 0.127395 -0.0155768 0.0207246 0.125287 -0.503457 0.384189 0.0714906 -0.278132
CR17 CR17 0.0924135 0.221199 0.329331 0.248206 0.493726 -0.497244 0.43226 0.0323785 -0.093945 0.0658235 -0.0496679 -0.0278108 -0.277766
CR18 CR18 -0.156307 0.567461 -0.0831519 -0.226233 -0.00936489 0.0547634 -0.111528 0.0668305 0.117321 0.116933 0.0927539 0.679842 -0.277925
CR29 CR29 0.376686 -0.0674534 -0.493973 0.142491 0.0911281 0.0848114 0.0794697 -0.0372299 0.0778913 0.390496 0.559734 -0.129663 -0.278166
CR30 CR30 -0.160009 0.546168 -0.148605 -0.247641 -0.0538294 0.0628283 -0.0599112 -0.0197307 -0.0903501 -0.23593 -0.00287087 -0.663961 -0.277822
CV1501 CV1501 -0.438353 -0.322707 -0.170131 -0.0341396 0.0816347 -0.375843 -0.147771 0.0802493 0.634302 -0.114738 0.0227459 -0.0701867 -0.276496
MN04 MN04 -0.389581 -0.259717 -0.183789 0.077559 -0.129951 -0.231056 -0.121225 0.115445 -0.728682 -0.0340744 0.144372 0.114988 -0.276548
OK0273 OK0273 0.33246 -0.0562403 -0.494247 0.195064 0.0705862 0.0664775 0.0476483 -0.0722007 -0.0248215 -0.403021 -0.562333 0.175143 -0.277771
SZN034 SZN034 0.268317 -0.211504 0.172837 -0.39634 -0.0926767 0.113954 0.130553 0.754183 0.00196114 0.0361388 -0.0959965 -0.0422905 -0.276747
SZN035 SZN035 0.275359 -0.190008 0.182608 -0.516149 -0.304905 -0.279414 0.0792516 -0.574482 -0.0315132 0.0212961 -0.0098664 0.0500009 -0.277356
SZN049 SZN049 0.171187 -0.0895015 0.303168 0.0487515 0.407314 0.157192 -0.7509 -0.0943839 -0.0698203 0.113118 -0.0820336 -0.0629906 -0.276868
SZN054 SZN054 -0.362389 -0.239449 0.117969 -0.0967969 0.293984 0.633008 0.404466 -0.242501 -0.00574503 -0.0243539 0.0140542 0.0320783 -0.276901
